 [1]  1   2   6   7   9  11  13  14  17  19  24  25  26  28  29  30  27  31  34  32  35  36
 [23]  37  38  39  40  41  42  43  44  46  54  57  49  50  51  53  52  55  58  59  60  61  62
 [45]  64  63  66  67  69  72  68  70  74  71  73  81  89  90  91  92  93  94  95  98  99 102
 [67] 100 101 103 107 104 105 106 108 110 111 114 115 117 116 118 119 120 121 124 125 123 127
 [89] 129 131 128 130 134 135 136 137 138 140 141 139 142 143 145 144 146 147 150 159 160 174
[111] 175 176 177 163 179 180 184 186 188 183 185 187 189 190 191 192 194 193 196 197 181 182
[133] 198 199 202 200 201 203 206 208 207 230 231 235 238 245 239 242 243 246 250 247 248 251
[155] 253 255 256 258 259 261 262 263 264 265 293 295 294 296 297 298 300 299 302 304 306 301
[177] 309 310 311 314 316 317 315 319 320 321 318 322 324 323 328 330 331 332 333 334 335 337
[199] 339 342 338 344 346 347 349 350 351 352 353 355 358 362 376 377 381 382 366 374 385 388
[221] 387 389 392 395 396 393 394 399 400 402 403 405 406 408 410 411 412 416 413 407 414 415
[243] 417 419 420 421 423 422 424 425 426 427 431 432 433 434 435 436 437 438 439 440 442 441
[265] 444 449 454 473 455 476 470 475 477 478 480 479 481 483 484 485 486 487 489 488 490 493
[287] 499 494 495 496 497 498 501 505 506 509 510 512 513 514 504 516 519 520 521 517 518 524
[309] 529 525 530 535 538 536 539 540 541 542 543 544 545 546 547 548 549 550 551 552 553 554
[331] 555 556 557 558 560 562 559 561 563 564 565 566 568 567  48  97 112 113 126  96 122 109
[353] 154 167 172 173 204 205 283 390 340 305 307 308 327 341 348 343 383 384 386 428 482 502
[375] 503 511 523 531 526 569 500 132 288 404 292  20  21  22  23  75  77  76  80  82  78  79
[397]  84  86  85  83 153 155 156 161 157 158 162 164 166 170 168 169 165 209 212 210 215 216
[419] 213 219 217 218 221 222 225 223 224 254 267 268 269 271 270 272 274 276 277 273 275 278
[441] 281 279 280 282 284 285 286 287 289 329 354 356 357 359 363 365 364 368 367 370 369 371
[463] 372 373 375 378 379 380 445 447 446 448 451 453 456 457 458 459 460 452 463 466 467 468
[485] 471 472 474 469   3   4   5   8  10  12  15  16  18  33  45  47  56  65  87  88 133 148
[507] 149 171 178 195 220 226 227 228 229 232 233 234 236 237 240 241 244 249 252 257 260 266
[529] 290 291 303 312 313 325 326 336 345 391 397 398 401 409 418 429 430 443 491 492 507 508
[551] 515 522 527 528 532 533 534 537 151 152 211 214 360 361 450 461 462 464 465