Clustering vector:
  [1] 1 1 1 2 1 2 1 2 2 2 3 2 1 3 2 2 3 2 1 3 3 3 2 1 1 1 2 1 2 1 1 2 1 1 2 2 2 3 3 2 3 2 1 2 2
 [46] 1 3 2 3 3 3 3 3 1 3 3 1 2 3 3 3 3 2 3 2 2 3 3 2 3 1 2 1 2 3 1 3 1 1 3 3 2 1 1 3 1 3 1 3 2
 [91] 3 3 3 3 2 1 3 3 3 2 3 3 3 3 3 2 3 3 1 3 3 3 2 3 3 3 3 2 2 1 3 1 1 3 3 3 3 1 2 1 3 2 2 3 1
[136] 3 3 3 1 3 3 1 3 3 3 2 2 2 3 3 3 2 2 3 3 3 1 3 3 3 3 1 1 3 1 3 3 1 1 3 3 3 2 3 3 3 2 2 3 3
[181] 1 1 3 3 3 3 3 3 3 3 2 3 3 2 2 3 1 1 1 2 3 1 1 2 3 3 3 3 2 3 1 3 1 1 2 2 2 3 1 1 3 3 3 2 3
[226] 3 3 3 3 2 2 3 3 1 3 3 1 1 3 1 3 3 2 3 1 3 3 2 3 3 1 3 1 2 1 2 1 2 1 2 1 3 1 3 1 1 3 3 3 3
[271] 3 3 1 3 3 3 3 3 3 3 1 3 1 2 3 3 3 3 2 3 1 3 3 3 3 3 3 3 3 3 1 3 1 3 3 3 3 3 3 3 3 3 3 3 3
[316] 3 3 1 2 3 3 1 3 1 3 3 3 3 2 1 2 2 3 3 3 1 3 1 3 1 2 3 3 1 3 3 3 3 3 3 3 2 1 1 3 3 2 3 3 3
[361] 3 3 3 3 3 1 1 3 1 1 2 3 1 1 3 2 2 3 3 2 2 3 3 2 3 3 3 3 2 1 3 3 1 1 3 3 3 3 3 3 2 3 3 3 3
[406] 3 3 3 1 3 3 3 3 3 3 3 3 1 3 3 3 2 3 3 3 3 2 3 3 3 2 3 1 1 3 2 3 3 3 3 2 1 3 3 3 3 1 3 3 1
[451] 3 1 3 3 3 3 3 3 3 3 1 1 3 3 3 2 3 3 1 2 3 3 3 3 3 3 3 3 3 2 3 3 3 3 2 2 3 1 3 3 3 3 1 3 3
[496] 3 2 3 1 1 3 2 3 1 2 2 3 2 3 2 3 3 2 3 3 3 1 1 3 3 2 1 3 3 3 3 3 3 3 3 3 3 3 1 3 1 2 2 3 2
[541] 3 2 3 3 3 3 3 3 3 3 3 3 3 3 3 3 3 3 3 3 3 3 2 1 1 1 1 1 3